Chrt.fle-chck|fr_corrupt%4&$32@&*  5%^ 1123581321
120
786
5 502 19485
1 19712 19712
5 19972 19972
5 20216 20597
10 21461 21461
10 21672 21672
5 21900 21900
5 22128 22505
10 23349 23349
10 23544 23544
5 23790 23790
10 24039 24039
5 24493 24493
5 24971 24971
3 25232 25232
3 25453 25453
5 25687 25687
10 25913 26276
10 27085 27085
10 27315 27315
5 27540 27540
10 27782 28278
10 29001 29001
10 29247 29247
5 29480 29480
10 29683 30210
10 30921 30921
10 31140 31140
5 31390 31390
10 31611 31611
9 32138 32138
5 32564 32564
5 32847 32847
10 33055 33055
10 33283 33283
10 33508 33508
8 34752 34752
2 34796 34796
10 34956 34956
5 35182 35182
8 35388 35708
2 35474 35733
5 36624 36624
5 36852 36852
10 38550 38550
10 38786 38786
5 39210 39210
5 39451 39451
8 40443 40443
2 40531 40531
10 40715 40715
10 42342 42342
10 42589 42589
5 44186 44186
5 44428 44428
3 46147 46147
3 46355 46355
8 48040 48040
6 48108 48108
10 48301 48301
4 48570 48570
16 48804 48804
24 49878 49878
24 50097 50097
20 50366 50366
24 50606 50606
10 51819 51819
10 52061 52061
10 53722 53722
10 53957 53957
10 55585 55585
10 55817 55817
10 56033 56033
6 56502 56502
10 57503 57503
10 57972 57972
20 58207 58207
20 58454 58454
20 58689 58689
24 58921 58921
24 59139 59139
12 59409 59409
12 59614 59614
10 59853 59853
6 60088 60088
6 60366 60366
6 60592 60592
6 60831 60831
6 61039 61039
2 61313 61313
8 61355 61355
10 61529 61529
5 61780 61780
5 61986 61986
3 62256 62256
3 62443 62443
10 62692 62692
10 62908 62908
6 63148 63148
6 63365 63365
10 63604 63604
12 63882 63882
12 64112 64112
12 64351 64351
12 64597 64597
12 64839 64839
20 65105 65105
20 65323 65323
10 65561 65561
6 65783 65783
6 66027 66027
6 66261 66261
6 66490 66490
6 66726 66726
10 66978 66978
10 67195 67195
6 67440 67440
3 67694 67694
3 67948 67948
3 68172 68172
3 68417 68417
3 68604 68604
10 68856 68856
6 69101 69101
8 69190 69190
10 69353 69353
12 69606 69606
20 69881 69881
24 70339 70339
24 70576 70576
24 70813 70813
24 71049 71049
24 71276 71276
24 71520 71520
24 71760 71760
24 72007 72007
24 72236 72236
24 72448 72448
20 72673 72673
20 72910 72910
20 73147 73147
20 73393 73393
24 73877 73877
16 74117 74117
8 74226 74226
4 74348 74348
8 74626 74626
8 74839 74839
2 75050 75050
8 75306 75306
4 75755 75755
16 75978 75978
8 76075 76075
4 76207 76207
2 76296 76296
2 76531 76531
2 76742 76742
8 76926 76926
4 77158 77158
2 77673 77673
8 77890 77890
4 78013 78013
2 78096 78096
1 78226 78226
2 78358 78358
1 78495 78495
8 78772 78772
4 78897 78897
2 79110 79110
2 79544 79544
8 79794 79794
4 79906 79906
2 79983 79983
1 80113 80113
2 80247 80247
8 80583 80583
4 80780 80780
2 80982 80982
8 81465 81465
16 81666 81666
8 81790 81790
4 81889 81889
2 81986 81986
8 82239 82239
4 82671 82671
8 82878 82878
8 83348 83348
8 83580 83580
4 83677 83677
2 83766 83766
1 83920 83920
8 84202 84202
2 84528 84528
8 84813 84813
4 85256 85256
8 85472 85472
4 85617 85617
2 85729 85729
1 85851 85851
1 86201 86201
2 86420 86420
8 86639 86639
10 87856 87856
10 88077 88077
4 88333 88333
10 88570 88570
10 89802 89802
10 90025 90025
5 91675 91675
5 91890 91890
10 93578 93578
10 93816 93816
10 95506 95506
10 95731 95731
5 97365 97365
5 97578 97578
5 99281 99281
5 99520 99520
3 101173 101173
3 101396 101396
20 103010 103010
20 103263 103263
10 104998 104998
10 105231 105231
20 110644 110644
20 110896 110896
12 111122 111122
16 111365 111365
16 111637 111637
16 111873 111873
16 112102 112102
16 112313 112313
24 112555 112555
24 112775 112775
12 113034 113034
10 113254 113254
10 113493 113493
10 113715 113715
12 113971 113971
2 114070 114070
6 114209 114209
10 114461 114461
10 114683 114683
6 114904 114904
6 115105 115105
3 115384 115384
3 115582 115582
10 115845 115845
10 116075 116075
12 116327 116327
12 116565 116565
24 116838 116838
20 117065 117065
20 117306 117306
24 117548 117548
20 117771 117771
10 118015 118015
6 118270 118270
6 118492 118492
10 118710 118710
6 118941 118941
2 119174 119174
3 119425 119425
3 119689 119689
3 119911 119911
10 120163 120163
10 120378 120378
12 120621 120621
24 120854 120854
24 121106 121106
24 121352 121352
20 121602 121602
20 121794 121794
10 122034 122034
10 122239 122239
6 122486 122486
6 122702 122702
10 122948 122948
10 123174 123174
5 123432 123432
3 123691 123691
3 123928 123928
3 124190 124190
10 124436 124436
12 124680 124680
12 124922 124922
12 125145 125145
24 125368 125368
24 125596 125596
20 125831 125831
20 126051 126051
24 126307 126307
12 126552 126789
8 127018 127018
16 127262 127262
8 127390 127390
4 127503 127503
2 127569 127569
4 127768 127768
8 127994 127994
10 128217 128217
10 128452 128452
8 128923 128923
8 129162 129162
4 129260 129260
2 129341 129341
1 129470 129470
2 129613 129613
8 129912 129912
10 130136 130136
4 130359 130359
8 130814 130814
8 131078 131078
4 131176 131176
2 131248 131248
1 131359 131359
2 131490 131490
8 131745 131745
10 131984 131984
6 132220 132443
8 132747 132747
1 133098 133098
2 133179 133179
4 133284 133284
2 133445 133445
8 133676 133676
12 133880 133880
10 134132 134132
8 134628 134628
8 134870 134870
6 134968 134968
1 135114 135114
2 135277 135277
8 135509 135509
10 135803 135803
6 136038 136280
10 136491 136491
8 136738 136738
4 136836 136836
2 136889 136889
1 136990 136990
2 137129 137129
8 137459 137459
10 137729 137729
12 137961 137961
8 138404 138404
16 138655 138655
8 138769 138769
4 138882 138882
2 138969 138969
4 139126 139126
8 139362 139362
10 139612 139612
12 139841 139841
2 139920 139920
8 140600 140600
24 141070 141070
24 141281 141281
2 141530 141530
8 141726 141726
4 141968 141968
8 142063 142063
6 142166 142166
2 142299 142299
8 142411 142411
2 142508 142508
1 142561 142561
8 142680 142680
1 142770 142770
8 142958 142958
8 143201 143201
8 143442 143442
8 143672 143672
2 143909 143909
8 144009 144009
2 144103 144103
8 144218 144218
2 144327 144327
4 144448 144448
2 144846 144846
2 145104 145104
4 145345 145345
2 145568 145568
8 145777 145777
16 145923 145923
8 146030 146030
4 146189 146189
2 146334 146334
4 146439 146439
2 146571 146571
4 146676 146676
2 146792 146792
2 146940 146940
2 147089 147089
2 147217 147217
6 147369 147369
6 147569 147569
2 147774 147774
4 147869 147869
2 147972 147972
4 148088 148088
2 148185 148185
2 148399 148399
8 148667 148667
8 148870 148870
4 149128 149128
2 149255 149255
4 149402 149402
2 149455 149455
8 149607 149607
16 149741 149741
8 149886 149886
4 150009 150009
8 150128 150128
4 150243 150243
2 150303 150303
2 150476 150476
4 150595 150595
2 150801 150801
4 150930 150930
2 151007 151007
4 151134 151134
2 151237 151237
2 151430 151430
2 151583 151583
2 151736 151736
2 151881 151881
2 152025 152025
2 152169 152169
2 152355 152355
2 152695 152695
4 152844 152844
8 152936 152936
4 153041 153041
2 153137 153137
8 153294 153294
4 153394 153394
2 153502 153502
1 153598 153598
8 153713 153713
4 153771 153771
1 153915 153915
2 154005 154005
4 154173 154173
2 154327 154327
4 154546 154546
4 154821 154821
4 155074 155074
2 155179 155179
4 155313 155313
2 155416 155416
4 155535 155535
4 155809 155809
4 156034 156034
4 156264 156264
4 156488 156488
12 156716 156716
8 156941 156941
4 157064 157064
8 157206 157206
4 157310 157310
4 157473 157473
12 157680 157680
8 157892 157892
4 158143 158143
4 158348 158348
12 158584 158584
8 158830 158830
4 158948 158948
8 159073 159073
4 159177 159177
8 159313 159313
12 159588 159588
8 159825 159825
4 160055 160055
4 160244 160244
12 160489 160489
8 160745 160745
4 160854 160854
8 160976 160976
4 161072 161072
8 161211 161211
12 161467 161467
8 161710 161710
4 161939 161939
4 162141 162141
12 162386 162386
8 162653 162653
4 162706 162706
8 162881 162881
4 162961 162961
8 163123 163123
12 163402 163402
8 163621 163621
4 163844 163844
4 164038 164038
12 164291 164291
8 164541 164541
4 164638 164638
8 164777 164777
4 164874 164874
8 165006 165006
12 165265 165265
8 165496 165496
4 165728 165728
4 165931 165931
12 166204 166204
8 166453 166453
4 166558 166558
8 166704 166704
4 166802 166802
8 166938 166938
12 167176 167176
8 167421 167421
4 167638 167638
8 167870 167870
12 168087 168087
8 168347 168347
4 168475 168475
8 168610 168610
4 168726 168726
8 168830 168830
20 169064 169064
8 169289 169289
20 169524 169524
24 170004 170004
12 170479 170479
10 170699 170699
4 170959 170959
2 171003 171003
1 171234 171234
3 171459 171459
3 171689 171689
3 171929 171929
3 172166 172166
2 173348 173348
4 173583 173583
8 173792 173792
16 174025 174025
24 174480 174480
12 174761 174761
2 175230 175230
2 175702 175702
8 175931 175931
16 176173 176173
8 176436 176436
4 176653 176653
2 177129 177129
2 177618 177618
4 177813 177813
8 178065 178065
16 178292 178292
8 178574 178574
4 178819 178819
2 178996 178996
1 179169 179169
2 179432 179432
4 179668 179668
8 179925 179925
16 180178 180178
8 180434 180434
2 180637 180637
8 180930 180930
4 181146 181146
2 181350 181350
1 181593 181593
2 181865 181865
4 182128 182128
8 182339 182339
2 182519 182519
4 182807 182807
8 183040 183040
16 183285 183285
8 183531 183531
4 183760 183760
2 183928 183928
4 184222 184222
2 184412 184412
1 184703 184703
2 184956 184956
4 185197 185197
8 185421 185421
16 185650 185650
8 185890 185890
4 186149 186149
2 186348 186348
8 186585 186585
2 186828 186828
4 187067 187067
8 187320 187320
16 187553 187553
8 187794 187794
4 188047 188047
2 188255 188255
8 188500 188500
2 188717 188717
4 188995 188995
8 189213 189213
16 189443 189443
8 189702 189702
4 189945 189945
2 190177 190177
4 190409 190409
2 190628 190628
8 190889 190889
16 191125 191125
8 191380 191380
4 191782 191782
2 192055 192055
8 192307 192307
2 192524 192524
4 192802 192802
8 193020 193020
16 193254 193254
8 193503 193503
4 193758 193758
2 193960 193960
8 194206 194206
2 194425 194425
4 194673 194673
8 194881 194881
16 195123 195123
8 195361 195361
2 195594 195594
4 195902 195902
2 196136 196136
4 196393 196393
8 196634 196634
16 196833 196833
8 197111 197111
4 197379 197379
2 197679 197679
4 197951 197951
2 198184 198184
4 198407 198407
8 198649 198649
16 198893 198893
8 199142 199142
4 199386 199386
2 199614 199614
8 199903 199903
2 200128 200128
4 200366 200366
8 200594 200594
16 200840 200840
8 201077 201077
4 201319 201319
2 201528 201528
4 201809 201809
2 202013 202013
4 202271 202271
8 202462 202462
16 205262 207246
20 209340 209340
20 209577 209577
24 209823 209823
16 210058 210058
16 210326 210326
16 210562 210562
20 210788 210788
20 211036 211036
24 211272 211272
24 211516 211516
20 211759 211759
20 211997 211997
24 212228 212228
24 212480 212480
24 212718 212718
24 212916 212916
26 213172 213172
18 213387 213387
10 213638 213638
10 213876 213876
6 214124 214124
6 214345 214345
5 214584 214584
5 214805 214805
10 215090 215090
10 215301 215301
6 215539 215539
10 215776 215776
10 216003 216003
10 216273 216273
10 216486 216486
2 216694 216694
8 216744 216744
20 217001 217001
20 217211 217211
24 217464 217464
16 217687 217687
16 217928 217928
24 218174 218174
24 218408 218408
24 218620 218620
10 218848 218848
10 219089 219089
6 219311 219311
10 219570 219570
10 219810 219810
10 220039 220039
10 220273 220273
10 220499 220499
24 220784 220784
24 221001 221001
20 221238 221238
20 221464 221464
10 221717 221717
10 221932 221932
5 222178 222178
3 222411 222411
3 222690 222690
3 222933 222933
3 223142 223142
3 223373 223373
3 223617 223617
3 223868 223868
3 224101 224101
3 224324 224324
10 224562 224562
10 224771 224771
20 225026 225026
4 225286 225286
4 225538 225538
4 225767 225767
4 226008 226008
20 226227 226227
12 226518 226518
12 226713 226713
10 226933 226933
12 227170 227170
2 227228 227228
6 227394 227394
6 227680 227680
6 227909 227909
6 228102 228102
9 228335 228335
9 228569 228569
3 228793 228793
3 229013 229013
6 229287 229287
6 229490 229490
9 229796 229796
6 230017 230017
6 230272 230272
6 230510 230510
6 230785 230785
6 230998 230998
6 231214 231214
6 231462 231462
6 231692 231692
6 231968 231968
20 232200 232200
20 232415 232415
12 232628 232628
6 232856 232856
6 233102 233102
6 233360 233360
6 233591 233591
6 233804 233804
10 234067 234067
10 234269 234269
6 234534 234534
3 234768 234768
3 235017 235017
3 235246 235246
3 235463 235463
2 235693 235693
10 235981 235981
10 236197 236197
20 236443 236443
20 236674 236674
12 236909 236909
12 237129 237129
20 237392 237392
4 237619 237619
4 237863 237863
20 238091 238091
20 238335 238335
20 238569 238569
20 238816 238816
20 239050 239050
20 239279 239279
12 239800 239800
12 240061 240061
2 240325 240325
10 240532 241292
End''off/chartnw|enofile|checsotrirnugpted$$33&8!@/ 1@1$ 144847